,WeightClassKg,year,TotalKg
23,105,2010,6
24,105,2011,431
25,105,2012,620
26,105,2013,1064
27,105,2014,1696
28,105,2015,3162
29,105,2016,3996
30,105,2017,4721
31,105,2018,5554
32,105,2019,6091
33,105,2020,2118
34,105,2021,3214
65,120,2010,5
66,120,2011,233
67,120,2012,422
68,120,2013,629
69,120,2014,964
70,120,2015,1862
71,120,2016,2264
72,120,2017,2543
73,120,2018,3039
74,120,2019,3220
75,120,2020,1204
76,120,2021,1696
77,120+,2011,139
78,120+,2012,199
79,120+,2013,320
80,120+,2014,569
81,120+,2015,1058
82,120+,2016,1296
83,120+,2017,1514
84,120+,2018,1736
85,120+,2019,1852
86,120+,2020,684
87,120+,2021,998
280,59,2011,90
281,59,2012,126
282,59,2013,306
283,59,2014,479
284,59,2015,720
285,59,2016,884
286,59,2017,1199
287,59,2018,1329
288,59,2019,1472
289,59,2020,495
290,59,2021,646
311,66,2011,195
312,66,2012,270
313,66,2013,540
314,66,2014,819
315,66,2015,1486
316,66,2016,1855
317,66,2017,2434
318,66,2018,2751
319,66,2019,3016
320,66,2020,1087
321,66,2021,1536
341,74,2010,2
342,74,2011,317
343,74,2012,532
344,74,2013,966
345,74,2014,1436
346,74,2015,2961
347,74,2016,3749
348,74,2017,4579
349,74,2018,5412
350,74,2019,5907
351,74,2020,2104
352,74,2021,3076
396,83,2010,6
397,83,2011,437
398,83,2012,712
399,83,2013,1285
400,83,2014,2055
401,83,2015,3887
402,83,2016,5032
403,83,2017,6409
404,83,2018,7460
405,83,2019,8331
406,83,2020,2818
407,83,2021,4374
437,93,2010,5
438,93,2011,478
439,93,2012,749
440,93,2013,1229
441,93,2014,2102
442,93,2015,4238
443,93,2016,5410
444,93,2017,6413
445,93,2018,7699
446,93,2019,8256
447,93,2020,2897
448,93,2021,4307
