,WeightClassKg,year,TotalKg
23,105,2010,560.0
24,105,2011,797.0
25,105,2012,847.5
26,105,2013,840.0
27,105,2014,867.5
28,105,2015,865.0
29,105,2016,870.0
30,105,2017,900.5
31,105,2018,883.5
32,105,2019,902.5
33,105,2020,950.5
34,105,2021,943.0
65,120,2010,635.0
66,120,2011,862.5
67,120,2012,915.5
68,120,2013,920.0
69,120,2014,945.0
70,120,2015,947.5
71,120,2016,978.5
72,120,2017,968.5
73,120,2018,917.5
74,120,2019,947.0
75,120,2020,954.0
76,120,2021,932.5
77,120+,2011,902.5
78,120+,2012,1007.5
79,120+,2013,968.0
80,120+,2014,1000.0
81,120+,2015,1008.5
82,120+,2016,1079.0
83,120+,2017,1105.0
84,120+,2018,1092.5
85,120+,2019,1112.5
86,120+,2020,1055.5
87,120+,2021,1045.0
280,59,2011,600.0
281,59,2012,651.0
282,59,2013,570.0
283,59,2014,663.5
284,59,2015,670.0
285,59,2016,669.5
286,59,2017,660.0
287,59,2018,664.0
288,59,2019,650.0
289,59,2020,670.5
290,59,2021,640.0
311,66,2011,610.0
312,66,2012,640.0
313,66,2013,635.0
314,66,2014,653.5
315,66,2015,655.5
316,66,2016,670.0
317,66,2017,692.5
318,66,2018,688.0
319,66,2019,705.5
320,66,2020,697.0
321,66,2021,702.5
341,74,2010,390.0
342,74,2011,655.0
343,74,2012,670.0
344,74,2013,687.5
345,74,2014,701.0
346,74,2015,712.5
347,74,2016,730.0
348,74,2017,757.0
349,74,2018,775.5
350,74,2019,790.5
351,74,2020,812.0
352,74,2021,838.5
396,83,2010,537.5
397,83,2011,725.5
398,83,2012,737.5
399,83,2013,760.0
400,83,2014,770.5
401,83,2015,800.5
402,83,2016,813.0
403,83,2017,814.0
404,83,2018,830.5
405,83,2019,833.0
406,83,2020,825.0
407,83,2021,843.0
437,93,2010,582.5
438,93,2011,735.5
439,93,2012,811.0
440,93,2013,830.5
441,93,2014,847.5
442,93,2015,832.5
443,93,2016,840.0
444,93,2017,840.0
445,93,2018,862.5
446,93,2019,870.0
447,93,2020,860.0
448,93,2021,892.5
