,WeightClassKg,year,TotalKg
23,105,2010,472.9166666666667
24,105,2011,572.6972157772622
25,105,2012,575.3427419354839
26,105,2013,587.0312030075188
27,105,2014,580.5010613207547
28,105,2015,580.6334282099937
29,105,2016,584.3402902902902
30,105,2017,585.9633128574454
31,105,2018,584.5416528628016
32,105,2019,586.9717123625021
33,105,2020,586.3057129367328
34,105,2021,602.2272028624767
65,120,2010,568.0
66,120,2011,621.1072961373391
67,120,2012,619.1232227488151
68,120,2013,622.0206677265501
69,120,2014,613.9907676348547
70,120,2015,615.2150375939849
71,120,2016,615.752296819788
72,120,2017,619.695005898545
73,120,2018,616.6233004277723
74,120,2019,615.0363043478261
75,120,2020,616.9906976744187
76,120,2021,624.1899587264151
77,120+,2011,668.5791366906475
78,120+,2012,683.8643216080402
79,120+,2013,673.50478125
80,120+,2014,662.761862917399
81,120+,2015,656.8293005671078
82,120+,2016,653.3297067901235
83,120+,2017,658.1525759577279
84,120+,2018,648.003012672811
85,120+,2019,647.982343412527
86,120+,2020,653.0404970760234
87,120+,2021,648.9835170340682
280,59,2011,346.72777777777776
281,59,2012,345.98015873015873
282,59,2013,343.13398692810455
283,59,2014,351.2480167014614
284,59,2015,363.3261111111111
285,59,2016,365.202149321267
286,59,2017,368.41776480400335
287,59,2018,360.8786380737397
288,59,2019,366.97934782608695
289,59,2020,356.1939393939394
290,59,2021,373.02151702786375
311,66,2011,399.8076923076923
312,66,2012,393.96666666666664
313,66,2013,406.3398148148148
314,66,2014,406.60305250305254
315,66,2015,423.6181695827725
316,66,2016,425.7010242587601
317,66,2017,424.3225965488907
318,66,2018,423.54664122137405
319,66,2019,426.31959549071615
320,66,2020,420.5348666053358
321,66,2021,440.93686848958333
341,74,2010,350.0
342,74,2011,459.102523659306
343,74,2012,438.17105263157896
344,74,2013,448.58281573498965
345,74,2014,460.175278551532
346,74,2015,469.0898007429922
347,74,2016,475.2634035742865
348,74,2017,473.031557108539
349,74,2018,472.8501164079823
350,74,2019,479.93165735567965
351,74,2020,479.79805133079844
352,74,2021,493.3901592977893
396,83,2010,437.0833333333333
397,83,2011,497.10869565217394
398,83,2012,493.45575842696627
399,83,2013,502.00389105058366
400,83,2014,504.4526520681265
401,83,2015,508.66321070234113
402,83,2016,512.5635333863275
403,83,2017,515.8918864097363
404,83,2018,516.1078297587131
405,83,2019,520.1762333453368
406,83,2020,520.3175301632364
407,83,2021,531.5846319158666
437,93,2010,496.0
438,93,2011,529.9366108786611
439,93,2012,540.5560747663551
440,93,2013,542.6745321399512
441,93,2014,537.9288296860133
442,93,2015,547.4160689004246
443,93,2016,551.0682070240296
444,93,2017,553.0152970528613
445,93,2018,551.0244603195221
446,93,2019,555.6316860465116
447,93,2020,553.5139799792889
448,93,2021,570.1166705363362
